Vernier Format 2
ayonisbad.txt 5/7/111 14:43:26
Run 1
Time	Potential	
T	P	
s	V	

0.0	1.400	
0.1	1.397	
0.2	1.397	
0.3	1.394	
0.4	1.394	
0.5	1.391	
0.6	1.397	
0.7	1.394	
0.8	1.394	
0.9	1.394	
1.0	1.394	
1.1	1.397	
1.2	1.388	
1.3	1.394	
1.4	1.394	
1.5	1.391	
1.6	1.391	
1.7	1.394	
1.8	1.394	
1.9	1.391	
2.0	1.391	
2.1	1.394	
2.2	1.397	
2.3	1.391	
2.4	1.391	
2.5	1.397	
2.6	1.391	
2.7	1.378	
2.8	1.363	
2.9	1.348	
3.0	1.339	
3.1	1.324	
3.2	1.309	
3.3	1.284	
3.4	1.284	
3.5	1.275	
3.6	1.266	
3.7	1.251	
3.8	1.236	
3.9	1.223	
4.0	1.214	
4.1	1.202	
4.2	1.190	
4.3	1.178	
4.4	1.169	
4.5	1.151	
4.6	1.138	
4.7	1.123	
4.8	1.120	
4.9	1.105	
5.0	1.090	
5.1	1.084	
5.2	1.074	
5.3	1.044	
5.4	1.053	
5.5	1.041	
5.6	1.035	
5.7	1.023	
5.8	1.008	
5.9	1.005	
6.0	0.992	
6.1	0.983	
6.2	0.974	
6.3	0.965	
6.4	0.956	
6.5	0.944	
6.6	0.938	
6.7	0.926	
6.8	0.920	
6.9	0.901	
7.0	0.901	
7.1	0.892	
7.2	0.886	
7.3	0.877	
7.4	0.865	
7.5	0.862	
7.6	0.853	
7.7	0.843	
7.8	0.831	
7.9	0.825	
8.0	0.807	
8.1	0.813	
8.2	0.804	
8.3	0.795	
8.4	0.789	
8.5	0.780	
8.6	0.768	
8.7	0.758	
8.8	0.755	
8.9	0.743	
9.0	0.740	
9.1	0.731	
9.2	0.725	
9.3	0.719	
9.4	0.710	
9.5	0.707	
9.6	0.698	
9.7	0.682	
9.8	0.682	
9.9	0.679	
10.0	0.673	
10.1	0.664	
10.2	0.661	
10.3	0.652	
10.4	0.646	
10.5	0.637	
10.6	0.619	
10.7	0.628	
10.8	0.619	
10.9	0.612	
11.0	0.606	
11.1	0.600	
11.2	0.594	
11.3	0.594	
11.4	0.585	
11.5	0.582	
11.6	0.576	
11.7	0.570	
11.8	0.561	
11.9	0.558	
12.0	0.552	
12.1	0.549	
12.2	0.543	
12.3	0.540	
12.4	0.533	
12.5	0.530	
12.6	0.524	
12.7	0.518	
12.8	0.515	
12.9	0.509	
13.0	0.503	
13.1	0.500	
13.2	0.482	
13.3	0.488	
13.4	0.485	
13.5	0.479	
13.6	0.476	
13.7	0.473	
13.8	0.463	
13.9	0.458	
14.0	0.458	
14.1	0.455	
14.2	0.451	
14.3	0.445	
14.4	0.439	
14.5	0.430	
14.6	0.412	
14.7	0.427	
14.8	0.424	
14.9	0.424	
15.0	0.415	
15.1	0.412	
15.2	0.409	
15.3	0.406	
15.4	0.403	
15.5	0.394	
15.6	0.385	
15.7	0.391	
15.8	0.366	
15.9	0.357	
16.0	0.372	
16.1	0.369	
16.2	0.366	
16.3	0.363	
16.4	0.357	
16.5	0.351	
16.6	0.354	
16.7	0.348	
16.8	0.345	
16.9	0.342	
17.0	0.333	
17.1	0.336	
17.2	0.333	
17.3	0.330	
17.4	0.327	
17.5	0.327	
17.6	0.318	
17.7	0.318	
17.8	0.315	
17.9	0.312	
18.0	0.306	
18.1	0.306	
18.2	0.303	
18.3	0.296	
18.4	0.293	
18.5	0.293	
18.6	0.287	
18.7	0.287	
18.8	0.287	
18.9	0.281	
19.0	0.281	
19.1	0.278	
19.2	0.275	
19.3	0.272	
19.4	0.272	
19.5	0.269	
19.6	0.263	
19.7	0.260	
19.8	0.260	
19.9	0.260	
20.0	0.254	
20.1	0.233	
20.2	0.248	
20.3	0.245	
20.4	0.245	
20.5	0.245	
20.6	0.242	
20.7	0.239	
20.8	0.236	
20.9	0.233	
21.0	0.229	
21.1	0.229	
21.2	0.229	
21.3	0.226	
21.4	0.205	
21.5	0.214	
21.6	0.220	
21.7	0.217	
21.8	0.214	
21.9	0.211	
22.0	0.208	
22.1	0.202	
22.2	0.205	
22.3	0.208	
22.4	0.205	
22.5	0.199	
22.6	0.199	
22.7	0.199	
22.8	0.196	
22.9	0.175	
23.0	0.193	
23.1	0.190	
23.2	0.172	
23.3	0.184	
23.4	0.184	
23.5	0.184	
23.6	0.184	
23.7	0.181	
23.8	0.181	
23.9	0.166	
24.0	0.175	
24.1	0.175	
24.2	0.172	
24.3	0.169	
24.4	0.169	
24.5	0.166	
24.6	0.163	
24.7	0.163	
24.8	0.163	
24.9	0.160	
25.0	0.163	
25.1	0.154	
25.2	0.154	
25.3	0.154	
25.4	0.154	
25.5	0.150	
25.6	0.144	
25.7	0.147	
25.8	0.147	
25.9	0.141	
26.0	0.144	
26.1	0.144	
26.2	0.141	
26.3	0.138	
26.4	0.138	
26.5	0.138	
26.6	0.135	
26.7	0.132	
26.8	0.135	
26.9	0.135	
27.0	0.129	
27.1	0.132	
27.2	0.129	
27.3	0.126	
27.4	0.120	
27.5	0.123	
27.6	0.126	
27.7	0.123	
27.8	0.123	
27.9	0.123	
28.0	0.111	
28.1	0.120	
28.2	0.099	
28.3	0.117	
28.4	0.099	
28.5	0.114	
28.6	0.114	
28.7	0.111	
28.8	0.108	
28.9	0.108	
29.0	0.111	
29.1	0.111	
29.2	0.108	
29.3	0.105	
29.4	0.102	
29.5	0.102	
29.6	0.102	
29.7	0.102	
29.8	0.099	
29.9	0.081	
30.0	0.096	
30.1	0.096	
30.2	0.099	
30.3	0.099	
30.4	0.096	
30.5	0.093	
30.6	0.096	
30.7	0.090	
30.8	0.090	
30.9	0.093	
31.0	0.090	
31.1	0.090	
31.2	0.087	
31.3	0.090	
31.4	0.087	
31.5	0.068	
31.6	0.087	
31.7	0.084	
31.8	0.075	
31.9	0.084	
32.0	0.081	
32.1	0.065	
32.2	0.078	
32.3	0.081	
32.4	0.081	
32.5	0.081	
32.6	0.078	
32.7	0.075	
32.8	0.078	
32.9	0.075	
33.0	0.078	
33.1	0.075	
33.2	0.072	
33.3	0.078	
33.4	0.075	
33.5	0.059	
33.6	0.072	
33.7	0.072	
33.8	0.068	
33.9	0.053	
34.0	0.065	
34.1	0.068	
34.2	0.065	
34.3	0.065	
34.4	0.065	
34.5	0.065	
34.6	0.065	
34.7	0.062	
34.8	0.065	
34.9	0.062	
35.0	0.062	
35.1	0.062	
35.2	0.053	
35.3	0.059	
35.4	0.059	
35.5	0.062	
35.6	0.059	
35.7	0.053	
35.8	0.059	
35.9	0.062	
36.0	0.059	
36.1	0.053	
36.2	0.053	
36.3	0.053	
36.4	0.053	
36.5	0.050	
36.6	0.053	
36.7	0.053	
36.8	0.053	
36.9	0.041	
37.0	0.053	
37.1	0.050	
37.2	0.050	
37.3	0.050	
37.4	0.050	
37.5	0.050	
37.6	0.050	
37.7	0.050	
37.8	0.044	
37.9	0.041	
38.0	0.047	
38.1	0.044	
38.2	0.050	
38.3	0.035	
38.4	0.044	
38.5	0.044	
38.6	0.044	
38.7	0.044	
38.8	0.044	
38.9	0.044	
39.0	0.041	
39.1	0.041	
39.2	0.044	
39.3	0.035	
39.4	0.044	
39.5	0.038	
39.6	0.044	
39.7	0.041	
39.8	0.041	
39.9	0.041	
40.0	0.038	
40.1	0.038	
40.2	0.038	
40.3	0.041	
40.4	0.035	
40.5	0.038	
40.6	0.038	
40.7	0.038	
40.8	0.038	
40.9	0.035	
41.0	0.038	
41.1	0.035	
41.2	0.032	
41.3	0.035	
41.4	0.038	
41.5	0.035	
41.6	0.035	
41.7	0.032	
41.8	0.032	
41.9	0.032	
42.0	0.035	
42.1	0.032	
42.2	0.035	
42.3	0.032	
42.4	0.032	
42.5	0.029	
42.6	0.029	
42.7	0.032	
42.8	0.029	
42.9	0.029	
43.0	0.029	
43.1	0.032	
43.2	0.032	
43.3	0.029	
43.4	0.029	
43.5	0.026	
43.6	0.029	
43.7	0.029	
43.8	0.026	
43.9	0.026	
44.0	0.026	
44.1	0.026	
44.2	0.026	
44.3	0.026	
44.4	0.029	
44.5	0.026	
44.6	0.029	
44.7	0.026	
44.8	0.026	
44.9	0.026	
45.0	0.023	
45.1	0.026	
45.2	0.026	
45.3	0.020	
45.4	0.017	
45.5	0.023	
45.6	0.023	
45.7	0.026	
45.8	0.026	
45.9	0.026	
46.0	0.023	
46.1	0.023	
46.2	0.020	
46.3	0.023	
46.4	0.020	
46.5	0.023	
46.6	0.023	
46.7	0.020	
46.8	0.023	
46.9	0.023	
47.0	0.017	
47.1	0.023	
47.2	0.023	
47.3	0.020	
47.4	0.014	
47.5	0.020	
47.6	0.020	
47.7	0.020	
47.8	0.020	
47.9	0.017	
48.0	0.017	
48.1	0.020	
48.2	0.017	
48.3	0.020	
48.4	0.017	
48.5	0.017	
48.6	0.017	
48.7	0.017	
48.8	0.017	
48.9	0.017	
49.0	0.017	
49.1	0.017	
49.2	0.017	
49.3	0.017	
49.4	0.017	
49.5	0.005	
49.6	0.017	
49.7	0.017	
49.8	0.014	
49.9	0.014	
50.0	0.020	
50.1	0.017	
50.2	0.014	
50.3	0.017	
50.4	0.014	
50.5	0.014	
50.6	0.017	
50.7	0.014	
50.8	0.017	
50.9	0.014	
51.0	0.014	
51.1	0.014	
51.2	0.017	
51.3	0.014	
51.4	0.014	
51.5	0.011	
51.6	0.014	
51.7	-0.005	
51.8	0.014	
51.9	0.014	
52.0	0.014	
52.1	0.014	
52.2	0.005	
52.3	0.014	
52.4	0.014	
52.5	0.014	
52.6	-0.008	
52.7	0.014	
52.8	0.011	
52.9	0.014	
53.0	0.014	
53.1	0.014	
53.2	0.014	
53.3	0.014	
53.4	0.011	
53.5	0.014	
53.6	0.011	
53.7	0.014	
53.8	0.011	
53.9	0.011	
54.0	0.014	
54.1	0.011	
54.2	0.011	
54.3	0.008	
54.4	0.014	
54.5	0.008	
54.6	0.014	
54.7	0.011	
54.8	0.011	
54.9	-0.008	
55.0	0.005	
55.1	0.011	
55.2	-0.002	
55.3	-0.011	
55.4	0.011	
55.5	0.011	
55.6	0.011	
55.7	0.008	
55.8	0.008	
55.9	-0.008	
56.0	0.008	
56.1	0.011	
56.2	-0.011	
56.3	-0.005	
56.4	0.011	
56.5	0.008	
56.6	0.011	
56.7	0.008	
56.8	0.005	
56.9	0.008	
57.0	0.014	
57.1	0.011	
57.2	0.008	
57.3	0.011	
57.4	0.011	
57.5	0.008	
57.6	0.011	
57.7	0.011	
57.8	0.011	
57.9	0.011	
58.0	0.008	
58.1	0.011	
58.2	-0.008	
58.3	0.008	
58.4	0.008	
58.5	0.008	
58.6	0.005	
58.7	0.005	
58.8	0.008	
58.9	0.005	
59.0	0.008	
59.1	0.008	
59.2	0.005	
59.3	0.008	
59.4	0.008	
59.5	-0.014	
59.6	0.005	
59.7	0.002	
59.8	0.005	
59.9	0.005	
60.0	0.005	
60.1	0.008	
60.2	0.005	
60.3	0.008	
60.4	0.005	
60.5	0.002	
60.6	0.008	
60.7	0.005	
60.8	0.005	
60.9	0.005	
61.0	0.005	
61.1	0.005	
61.2	0.008	
61.3	0.008	
61.4	0.005	
61.5	0.008	
61.6	0.008	
61.7	0.005	
61.8	0.005	
61.9	-0.008	
62.0	0.002	
62.1	0.002	
62.2	0.005	
62.3	0.005	
62.4	0.005	
62.5	0.005	
62.6	0.005	
62.7	0.005	
62.8	0.002	
62.9	-0.002	
63.0	0.005	
63.1	0.005	
63.2	0.005	
63.3	0.005	
63.4	-0.014	
63.5	0.005	
63.6	0.005	
63.7	0.002	
63.8	0.005	
63.9	0.005	
64.0	0.005	
64.1	0.002	
64.2	0.005	
64.3	0.002	
64.4	0.002	
64.5	-0.005	
64.6	0.002	
64.7	0.002	
64.8	0.005	
64.9	0.005	
65.0	0.002	
65.1	0.008	
65.2	0.002	
65.3	0.005	
65.4	0.005	
65.5	0.005	
65.6	0.002	
65.7	0.005	
65.8	-0.008	
65.9	-0.005	
66.0	0.005	
66.1	0.005	
66.2	0.005	
66.3	0.005	
66.4	0.005	
66.5	0.002	
66.6	0.005	
66.7	0.005	
66.8	0.002	
66.9	0.002	
67.0	0.002	
67.1	0.002	
67.2	-0.005	
67.3	0.002	
67.4	0.002	
67.5	-0.005	
67.6	-0.014	
67.7	0.002	
67.8	0.002	
67.9	0.002	
68.0	0.002	
68.1	0.002	
68.2	0.002	
68.3	0.002	
68.4	-0.005	
68.5	-0.002	
68.6	0.002	
68.7	0.002	
68.8	0.002	
68.9	-0.005	
69.0	-0.020	
69.1	0.002	
69.2	0.002	
69.3	0.002	
69.4	0.002	
69.5	0.002	
69.6	0.005	
69.7	0.002	
69.8	0.002	
69.9	0.002	
70.0	0.002	
70.1	0.005	
70.2	0.002	
70.3	0.005	
70.4	0.005	
70.5	-0.008	
70.6	0.002	
70.7	-0.002	
70.8	0.002	
70.9	0.002	
71.0	0.005	
71.1	0.002	
71.2	0.002	
71.3	-0.017	
71.4	-0.020	
71.5	0.002	
71.6	0.002	
71.7	0.002	
71.8	0.002	
71.9	-0.017	
72.0	-0.002	
72.1	0.005	
72.2	0.002	
72.3	0.005	
72.4	0.002	
72.5	0.002	
72.6	0.002	
72.7	0.002	
72.8	0.005	
72.9	0.002	
73.0	-0.011	
73.1	0.002	
73.2	0.002	
73.3	-0.008	
73.4	-0.017	
73.5	0.002	
73.6	0.002	
73.7	0.002	
73.8	-0.002	
73.9	0.005	
74.0	0.002	
74.1	-0.002	
74.2	0.002	
74.3	-0.002	
74.4	-0.020	
74.5	0.002	
74.6	-0.002	
74.7	0.002	
74.8	0.002	
74.9	0.005	
75.0	0.002	
75.1	0.002	
75.2	-0.002	
75.3	-0.005	
75.4	0.002	
75.5	0.002	
75.6	0.002	
75.7	-0.002	
75.8	0.002	
75.9	-0.005	
76.0	0.002	
76.1	0.002	
76.2	0.002	
76.3	0.002	
76.4	-0.020	
76.5	0.002	
76.6	0.002	
76.7	0.002	
76.8	0.002	
76.9	0.002	
77.0	0.002	
77.1	0.002	
77.2	0.002	
77.3	0.002	
77.4	-0.002	
77.5	0.002	
77.6	-0.005	
77.7	0.002	
77.8	0.002	
77.9	0.002	
78.0	0.002	
78.1	0.002	
78.2	0.002	
78.3	0.002	
78.4	0.002	
78.5	-0.005	
78.6	-0.002	
78.7	-0.008	
78.8	-0.002	
78.9	0.002	
79.0	0.002	
79.1	0.002	
79.2	0.002	
79.3	-0.002	
79.4	-0.002	
79.5	-0.002	
79.6	0.002	
79.7	-0.005	
79.8	-0.002	
79.9	0.002	
80.0	-0.002	
80.1	0.002	
80.2	0.002	
80.3	0.002	
80.4	-0.014	
80.5	0.002	
80.6	-0.002	
80.7	-0.002	
80.8	0.002	
80.9	-0.017	
81.0	-0.002	
81.1	-0.023	
81.2	-0.002	
81.3	-0.002	
81.4	-0.002	
81.5	-0.008	
81.6	0.002	
81.7	-0.002	
81.8	-0.005	
81.9	-0.002	
82.0	-0.002	
82.1	-0.002	
82.2	-0.002	
82.3	-0.002	
82.4	0.002	
82.5	-0.002	
82.6	-0.020	
82.7	-0.002	
82.8	0.002	
82.9	-0.002	
83.0	-0.002	
83.1	-0.002	
83.2	0.002	
83.3	0.002	
83.4	-0.002	
83.5	0.002	
83.6	-0.002	
83.7	0.002	
83.8	-0.014	
83.9	-0.005	
84.0	-0.002	
84.1	-0.002	
84.2	-0.002	
84.3	-0.017	
84.4	-0.002	
84.5	0.002	
84.6	0.002	
84.7	0.002	
84.8	-0.002	
84.9	0.002	
85.0	0.002	
85.1	-0.002	
85.2	0.002	
85.3	-0.002	
85.4	-0.002	
85.5	-0.020	
85.6	-0.005	
85.7	0.002	
85.8	0.002	
85.9	-0.002	
86.0	0.002	
86.1	-0.005	
86.2	-0.002	
86.3	-0.002	
86.4	-0.008	
86.5	-0.005	
86.6	-0.002	
86.7	0.002	
86.8	-0.002	
86.9	0.002	
87.0	0.002	
87.1	0.002	
87.2	0.002	
87.3	0.002	
87.4	0.002	
87.5	0.002	
87.6	0.002	
87.7	-0.002	
87.8	0.002	
87.9	0.002	
88.0	-0.002	
88.1	-0.020	
88.2	-0.005	
88.3	0.002	
88.4	-0.008	
88.5	-0.005	
88.6	0.002	
88.7	-0.002	
88.8	0.002	
88.9	0.002	
89.0	0.002	
89.1	0.002	
89.2	0.002	
89.3	0.002	
89.4	-0.002	
89.5	-0.002	
89.6	0.002	
89.7	0.002	
89.8	0.002	
89.9	0.002	
90.0	-0.002	
90.1	0.002	
90.2	0.002	
90.3	0.002	
90.4	0.002	
90.5	-0.002	
90.6	0.002	
90.7	-0.005	
90.8	-0.002	
90.9	0.002	
91.0	-0.005	
91.1	0.002	
91.2	-0.002	
91.3	-0.008	
91.4	0.002	
91.5	-0.005	
91.6	-0.014	
91.7	0.002	
91.8	-0.002	
91.9	0.002	
92.0	0.002	
92.1	0.002	
92.2	0.002	
92.3	-0.005	
92.4	0.002	
92.5	-0.002	
92.6	-0.002	
92.7	0.002	
92.8	-0.002	
92.9	0.002	
93.0	0.002	
93.1	-0.005	
93.2	-0.008	
93.3	0.002	
93.4	-0.002	
93.5	-0.020	
93.6	-0.002	
93.7	-0.005	
93.8	-0.020	
93.9	0.002	
94.0	-0.002	
94.1	-0.005	
94.2	-0.011	
94.3	0.002	
94.4	-0.002	
94.5	-0.002	
94.6	-0.023	
94.7	-0.002	
94.8	-0.005	
94.9	0.002	
95.0	0.002	
95.1	-0.002	
95.2	-0.020	
95.3	-0.002	
95.4	-0.002	
95.5	0.002	
95.6	-0.008	
95.7	-0.005	
95.8	-0.002	
95.9	0.002	
96.0	0.002	
96.1	-0.002	
96.2	0.002	
96.3	-0.005	
96.4	-0.002	
96.5	-0.002	
96.6	-0.002	
96.7	0.002	
96.8	-0.005	
96.9	0.002	
97.0	-0.005	
97.1	-0.002	
97.2	-0.020	
97.3	-0.002	
97.4	-0.005	
97.5	-0.002	
97.6	0.002	
97.7	0.002	
97.8	-0.002	
97.9	0.002	
98.0	0.002	
98.1	0.002	
98.2	-0.005	
98.3	-0.002	
98.4	0.002	
98.5	-0.002	
98.6	-0.008	
98.7	-0.008	
98.8	-0.014	
98.9	-0.005	
99.0	-0.002	
99.1	-0.017	
99.2	-0.002	
99.3	-0.002	
99.4	-0.002	
99.5	0.002	
99.6	-0.002	
99.7	-0.008	
99.8	-0.005	
99.9	0.002	
100.0	0.002	
