Vernier Format 2
ayonisabetter.txt 5/7/111 14:30:45
Run 1
Time	Potential	
T	P	
s	V	

0.0	-0.002	
0.1	-0.017	
0.2	0.002	
0.3	-0.002	
0.4	-0.002	
0.5	0.002	
0.6	0.002	
0.7	-0.002	
0.8	0.002	
0.9	0.002	
1.0	0.002	
1.1	0.002	
1.2	0.008	
1.3	0.017	
1.4	0.029	
1.5	0.044	
1.6	0.056	
1.7	0.068	
1.8	0.084	
1.9	0.096	
2.0	0.108	
2.1	0.117	
2.2	0.126	
2.3	0.144	
2.4	0.150	
2.5	0.160	
2.6	0.172	
2.7	0.181	
2.8	0.193	
2.9	0.205	
3.0	0.217	
3.1	0.224	
3.2	0.239	
3.3	0.251	
3.4	0.260	
3.5	0.272	
3.6	0.284	
3.7	0.293	
3.8	0.296	
3.9	0.309	
4.0	0.312	
4.1	0.324	
4.2	0.333	
4.3	0.345	
4.4	0.351	
4.5	0.366	
4.6	0.378	
4.7	0.391	
4.8	0.385	
4.9	0.397	
5.0	0.403	
5.1	0.406	
5.2	0.418	
5.3	0.424	
5.4	0.439	
5.5	0.448	
5.6	0.458	
5.7	0.467	
5.8	0.476	
5.9	0.470	
6.0	0.491	
6.1	0.503	
6.2	0.512	
6.3	0.521	
6.4	0.530	
6.5	0.537	
6.6	0.549	
6.7	0.552	
6.8	0.561	
6.9	0.570	
7.0	0.576	
7.1	0.588	
7.2	0.594	
7.3	0.603	
7.4	0.612	
7.5	0.619	
7.6	0.625	
7.7	0.634	
7.8	0.643	
7.9	0.649	
8.0	0.643	
8.1	0.661	
8.2	0.673	
8.3	0.673	
8.4	0.686	
8.5	0.692	
8.6	0.698	
8.7	0.704	
8.8	0.710	
8.9	0.716	
9.0	0.725	
9.1	0.716	
9.2	0.737	
9.3	0.746	
9.4	0.749	
9.5	0.755	
9.6	0.764	
9.7	0.764	
9.8	0.783	
9.9	0.783	
10.0	0.792	
10.1	0.798	
10.2	0.807	
10.3	0.810	
10.4	0.816	
10.5	0.816	
10.6	0.828	
10.7	0.834	
10.8	0.838	
10.9	0.843	
11.0	0.850	
11.1	0.856	
11.2	0.862	
11.3	0.865	
11.4	0.871	
11.5	0.877	
11.6	0.868	
11.7	0.889	
11.8	0.892	
11.9	0.889	
12.0	0.883	
12.1	0.904	
12.2	0.904	
12.3	0.916	
12.4	0.904	
12.5	0.926	
12.6	0.929	
12.7	0.935	
12.8	0.935	
12.9	0.944	
13.0	0.947	
13.1	0.953	
13.2	0.956	
13.3	0.962	
13.4	0.965	
13.5	0.968	
13.6	0.956	
13.7	0.977	
13.8	0.983	
13.9	0.986	
14.0	0.977	
14.1	0.995	
14.2	0.992	
14.3	1.005	
14.4	1.008	
14.5	1.011	
14.6	1.011	
14.7	1.017	
14.8	1.023	
14.9	1.026	
15.0	1.032	
15.1	1.032	
15.2	1.035	
15.3	1.026	
15.4	1.047	
15.5	1.047	
15.6	1.050	
15.7	1.050	
15.8	1.059	
15.9	1.062	
16.0	1.062	
16.1	1.065	
16.2	1.072	
16.3	1.072	
16.4	1.077	
16.5	1.081	
16.6	1.084	
16.7	1.087	
16.8	1.090	
16.9	1.093	
17.0	1.087	
17.1	1.093	
17.2	1.102	
17.3	1.105	
17.4	1.108	
17.5	1.111	
17.6	1.114	
17.7	1.117	
17.8	1.099	
17.9	1.120	
18.0	1.123	
18.1	1.123	
18.2	1.126	
18.3	1.132	
18.4	1.135	
18.5	1.138	
18.6	1.141	
18.7	1.141	
18.8	1.147	
18.9	1.147	
19.0	1.147	
19.1	1.154	
19.2	1.163	
19.3	1.163	
19.4	1.166	
19.5	1.169	
19.6	1.169	
19.7	1.169	
19.8	1.178	
19.9	1.178	
20.0	1.178	
20.1	1.181	
20.2	1.181	
20.3	1.187	
20.4	1.190	
20.5	1.187	
20.6	1.178	
20.7	1.196	
20.8	1.196	
20.9	1.199	
21.0	1.199	
21.1	1.202	
21.2	1.202	
21.3	1.205	
21.4	1.208	
21.5	1.211	
21.6	1.199	
21.7	1.211	
21.8	1.217	
21.9	1.220	
22.0	1.214	
22.1	1.220	
22.2	1.223	
22.3	1.226	
22.4	1.229	
22.5	1.226	
22.6	1.229	
22.7	1.233	
22.8	1.233	
22.9	1.229	
23.0	1.236	
23.1	1.236	
23.2	1.242	
23.3	1.245	
23.4	1.242	
23.5	1.248	
23.6	1.251	
23.7	1.248	
23.8	1.248	
23.9	1.254	
24.0	1.251	
24.1	1.245	
24.2	1.254	
24.3	1.236	
24.4	1.254	
24.5	1.257	
24.6	1.260	
24.7	1.260	
24.8	1.263	
24.9	1.266	
25.0	1.266	
25.1	1.266	
25.2	1.269	
25.3	1.269	
25.4	1.269	
25.5	1.266	
25.6	1.275	
25.7	1.272	
25.8	1.278	
25.9	1.278	
26.0	1.275	
26.1	1.278	
26.2	1.278	
26.3	1.281	
26.4	1.281	
26.5	1.281	
26.6	1.278	
26.7	1.281	
26.8	1.263	
26.9	1.284	
27.0	1.266	
27.1	1.287	
27.2	1.293	
27.3	1.269	
27.4	1.290	
27.5	1.293	
27.6	1.290	
27.7	1.296	
27.8	1.293	
27.9	1.278	
28.0	1.296	
28.1	1.278	
28.2	1.299	
28.3	1.299	
28.4	1.299	
28.5	1.299	
28.6	1.303	
28.7	1.306	
28.8	1.306	
28.9	1.296	
29.0	1.306	
29.1	1.306	
29.2	1.309	
29.3	1.309	
29.4	1.306	
29.5	1.311	
29.6	1.311	
29.7	1.315	
29.8	1.315	
29.9	1.299	
30.0	1.315	
30.1	1.293	
30.2	1.318	
30.3	1.318	
30.4	1.318	
30.5	1.321	
30.6	1.321	
30.7	1.324	
30.8	1.324	
30.9	1.324	
31.0	1.324	
31.1	1.321	
31.2	1.324	
31.3	1.324	
31.4	1.324	
31.5	1.324	
31.6	1.327	
31.7	1.324	
31.8	1.327	
31.9	1.315	
32.0	1.330	
32.1	1.330	
32.2	1.330	
32.3	1.330	
32.4	1.309	
32.5	1.333	
32.6	1.333	
32.7	1.333	
32.8	1.333	
32.9	1.315	
33.0	1.336	
33.1	1.336	
33.2	1.327	
33.3	1.333	
33.4	1.336	
33.5	1.336	
33.6	1.333	
33.7	1.336	
33.8	1.333	
33.9	1.333	
34.0	1.333	
34.1	1.333	
34.2	1.330	
34.3	1.330	
34.4	1.333	
34.5	1.333	
34.6	1.333	
34.7	1.333	
34.8	1.336	
34.9	1.333	
35.0	1.333	
35.1	1.333	
35.2	1.336	
35.3	1.336	
35.4	1.333	
35.5	1.336	
35.6	1.318	
35.7	1.339	
35.8	1.339	
35.9	1.339	
36.0	1.333	
36.1	1.318	
36.2	1.342	
36.3	1.342	
36.4	1.342	
36.5	1.324	
36.6	1.342	
36.7	1.348	
36.8	1.327	
36.9	1.348	
37.0	1.348	
37.1	1.348	
37.2	1.348	
37.3	1.348	
37.4	1.348	
37.5	1.345	
37.6	1.351	
37.7	1.351	
37.8	1.348	
37.9	1.354	
38.0	1.354	
38.1	1.354	
38.2	1.354	
38.3	1.354	
38.4	1.357	
38.5	1.354	
38.6	1.357	
38.7	1.357	
38.8	1.357	
38.9	1.357	
39.0	1.357	
39.1	1.357	
39.2	1.357	
39.3	1.360	
39.4	1.351	
39.5	1.363	
39.6	1.363	
39.7	1.363	
39.8	1.363	
39.9	1.363	
40.0	1.363	
40.1	1.363	
40.2	1.366	
40.3	1.366	
40.4	1.366	
40.5	1.366	
40.6	1.357	
40.7	1.369	
40.8	1.366	
40.9	1.366	
41.0	1.366	
41.1	1.369	
41.2	1.372	
41.3	1.369	
41.4	1.363	
41.5	1.375	
41.6	1.372	
41.7	1.372	
41.8	1.369	
41.9	1.372	
42.0	1.372	
42.1	1.372	
42.2	1.375	
42.3	1.375	
42.4	1.375	
42.5	1.354	
42.6	1.372	
42.7	1.375	
42.8	1.375	
42.9	1.375	
43.0	1.378	
43.1	1.378	
43.2	1.372	
43.3	1.378	
43.4	1.378	
43.5	1.378	
43.6	1.378	
43.7	1.378	
43.8	1.378	
43.9	1.369	
44.0	1.360	
44.1	1.369	
44.2	1.381	
44.3	1.381	
44.4	1.381	
44.5	1.381	
44.6	1.385	
44.7	1.369	
44.8	1.381	
44.9	1.385	
45.0	1.381	
45.1	1.385	
45.2	1.385	
45.3	1.385	
45.4	1.385	
45.5	1.388	
45.6	1.388	
45.7	1.388	
45.8	1.388	
45.9	1.388	
46.0	1.388	
46.1	1.388	
46.2	1.388	
46.3	1.388	
46.4	1.385	
46.5	1.391	
46.6	1.372	
46.7	1.388	
46.8	1.388	
46.9	1.391	
47.0	1.391	
47.1	1.391	
47.2	1.391	
47.3	1.391	
47.4	1.391	
47.5	1.391	
47.6	1.394	
47.7	1.391	
47.8	1.394	
47.9	1.369	
48.0	1.391	
48.1	1.391	
48.2	1.391	
48.3	1.391	
48.4	1.388	
48.5	1.375	
48.6	1.391	
48.7	1.394	
48.8	1.375	
48.9	1.391	
49.0	1.394	
49.1	1.397	
49.2	1.394	
49.3	1.397	
49.4	1.385	
49.5	1.394	
49.6	1.391	
49.7	1.397	
49.8	1.391	
49.9	1.394	
50.0	1.397	
50.1	1.394	
50.2	1.394	
50.3	1.397	
50.4	1.397	
50.5	1.391	
50.6	1.397	
50.7	1.397	
50.8	1.397	
50.9	1.388	
51.0	1.375	
51.1	1.391	
51.2	1.400	
51.3	1.397	
51.4	1.400	
51.5	1.400	
51.6	1.397	
51.7	1.397	
51.8	1.400	
51.9	1.400	
52.0	1.400	
52.1	1.400	
52.2	1.400	
52.3	1.397	
52.4	1.400	
52.5	1.403	
52.6	1.400	
52.7	1.400	
52.8	1.403	
52.9	1.400	
53.0	1.400	
53.1	1.397	
53.2	1.400	
53.3	1.375	
53.4	1.400	
53.5	1.378	
53.6	1.403	
53.7	1.400	
53.8	1.397	
53.9	1.403	
54.0	1.400	
54.1	1.403	
54.2	1.400	
54.3	1.406	
54.4	1.400	
54.5	1.403	
54.6	1.403	
54.7	1.403	
54.8	1.406	
54.9	1.403	
55.0	1.400	
55.1	1.403	
55.2	1.403	
55.3	1.397	
55.4	1.403	
55.5	1.403	
55.6	1.406	
55.7	1.403	
55.8	1.403	
55.9	1.397	
56.0	1.403	
56.1	1.403	
56.2	1.403	
56.3	1.403	
56.4	1.403	
56.5	1.406	
56.6	1.403	
56.7	1.406	
56.8	1.403	
56.9	1.397	
57.0	1.406	
57.1	1.403	
57.2	1.397	
57.3	1.397	
57.4	1.394	
57.5	1.403	
57.6	1.409	
57.7	1.403	
57.8	1.406	
57.9	1.406	
58.0	1.406	
58.1	1.406	
58.2	1.406	
58.3	1.403	
58.4	1.406	
58.5	1.409	
58.6	1.406	
58.7	1.391	
58.8	1.403	
58.9	1.406	
59.0	1.403	
59.1	1.406	
59.2	1.403	
59.3	1.406	
59.4	1.406	
59.5	1.406	
59.6	1.403	
59.7	1.406	
59.8	1.406	
59.9	1.409	
60.0	1.409	
60.1	1.406	
60.2	1.412	
60.3	1.409	
60.4	1.406	
60.5	1.400	
60.6	1.406	
60.7	1.412	
60.8	1.409	
60.9	1.406	
61.0	1.406	
61.1	1.406	
61.2	1.406	
61.3	1.406	
61.4	1.406	
61.5	1.409	
61.6	1.409	
61.7	1.412	
61.8	1.409	
61.9	1.403	
62.0	1.409	
62.1	1.409	
62.2	1.409	
62.3	1.409	
62.4	1.391	
62.5	1.409	
62.6	1.409	
62.7	1.409	
62.8	1.409	
62.9	1.409	
63.0	1.409	
63.1	1.406	
63.2	1.409	
63.3	1.400	
63.4	1.397	
63.5	1.409	
63.6	1.412	
63.7	1.406	
63.8	1.397	
63.9	1.409	
64.0	1.409	
64.1	1.409	
64.2	1.409	
64.3	1.391	
64.4	1.406	
64.5	1.412	
64.6	1.412	
64.7	1.403	
64.8	1.412	
64.9	1.409	
65.0	1.400	
65.1	1.409	
65.2	1.412	
65.3	1.412	
65.4	1.412	
65.5	1.412	
65.6	1.406	
65.7	1.409	
65.8	1.409	
65.9	1.403	
66.0	1.412	
66.1	1.406	
66.2	1.409	
66.3	1.409	
66.4	1.412	
66.5	1.406	
66.6	1.412	
66.7	1.412	
66.8	1.397	
66.9	1.412	
67.0	1.409	
67.1	1.412	
67.2	1.409	
67.3	1.412	
67.4	1.412	
67.5	1.412	
67.6	1.397	
67.7	1.406	
67.8	1.391	
67.9	1.412	
68.0	1.415	
68.1	1.412	
68.2	1.412	
68.3	1.412	
68.4	1.412	
68.5	1.412	
68.6	1.391	
68.7	1.409	
68.8	1.403	
68.9	1.412	
69.0	1.409	
69.1	1.412	
69.2	1.409	
69.3	1.412	
69.4	1.412	
69.5	1.409	
69.6	1.409	
69.7	1.412	
69.8	1.397	
69.9	1.412	
70.0	1.412	
70.1	1.412	
70.2	1.412	
70.3	1.412	
70.4	1.412	
70.5	1.415	
70.6	1.409	
70.7	1.412	
70.8	1.412	
70.9	1.394	
71.0	1.412	
71.1	1.412	
71.2	1.406	
71.3	1.406	
71.4	1.409	
71.5	1.400	
71.6	1.412	
71.7	1.409	
71.8	1.412	
71.9	1.412	
72.0	1.412	
72.1	1.409	
72.2	1.412	
72.3	1.412	
72.4	1.412	
72.5	1.412	
72.6	1.412	
72.7	1.409	
72.8	1.400	
72.9	1.412	
73.0	1.409	
73.1	1.412	
73.2	1.412	
73.3	1.412	
73.4	1.412	
73.5	1.412	
73.6	1.412	
73.7	1.412	
73.8	1.412	
73.9	1.412	
74.0	1.412	
74.1	1.412	
74.2	1.412	
74.3	1.412	
74.4	1.412	
74.5	1.412	
74.6	1.412	
74.7	1.412	
74.8	1.412	
74.9	1.412	
75.0	1.388	
75.1	1.406	
75.2	1.412	
75.3	1.406	
75.4	1.409	
75.5	1.412	
75.6	1.403	
75.7	1.412	
75.8	1.412	
75.9	1.412	
76.0	1.415	
76.1	1.412	
76.2	1.412	
76.3	1.412	
76.4	1.412	
76.5	1.409	
76.6	1.412	
76.7	1.412	
76.8	1.412	
76.9	1.412	
77.0	1.412	
77.1	1.412	
77.2	1.412	
77.3	1.412	
77.4	1.412	
77.5	1.412	
77.6	1.412	
77.7	1.412	
77.8	1.397	
77.9	1.412	
78.0	1.412	
78.1	1.412	
78.2	1.412	
78.3	1.412	
78.4	1.415	
78.5	1.415	
78.6	1.412	
78.7	1.412	
78.8	1.412	
78.9	1.397	
79.0	1.412	
79.1	1.415	
79.2	1.412	
79.3	1.412	
79.4	1.412	
79.5	1.415	
79.6	1.412	
79.7	1.412	
79.8	1.412	
79.9	1.412	
80.0	1.412	
80.1	1.412	
80.2	1.412	
80.3	1.412	
80.4	1.412	
80.5	1.412	
80.6	1.406	
80.7	1.412	
80.8	1.412	
80.9	1.412	
81.0	1.412	
81.1	1.412	
81.2	1.412	
81.3	1.412	
81.4	1.406	
81.5	1.403	
81.6	1.412	
81.7	1.412	
81.8	1.412	
81.9	1.412	
82.0	1.403	
82.1	1.412	
82.2	1.406	
82.3	1.409	
82.4	1.412	
82.5	1.412	
82.6	1.412	
82.7	1.406	
82.8	1.409	
82.9	1.412	
83.0	1.412	
83.1	1.412	
83.2	1.412	
83.3	1.391	
83.4	1.412	
83.5	1.406	
83.6	1.412	
83.7	1.412	
83.8	1.409	
83.9	1.409	
84.0	1.412	
84.1	1.409	
84.2	1.412	
84.3	1.406	
84.4	1.409	
84.5	1.412	
84.6	1.400	
84.7	1.409	
84.8	1.412	
84.9	1.412	
85.0	1.409	
85.1	1.412	
85.2	1.406	
85.3	1.412	
85.4	1.400	
85.5	1.409	
85.6	1.406	
85.7	1.406	
85.8	1.409	
85.9	1.403	
86.0	1.409	
86.1	1.412	
86.2	1.409	
86.3	1.403	
86.4	1.406	
86.5	1.409	
86.6	1.406	
86.7	1.403	
86.8	1.409	
86.9	1.406	
87.0	1.409	
87.1	1.406	
87.2	1.409	
87.3	1.406	
87.4	1.409	
87.5	1.406	
87.6	1.403	
87.7	1.406	
87.8	1.409	
87.9	1.406	
88.0	1.406	
88.1	1.406	
88.2	1.406	
88.3	1.406	
88.4	1.400	
88.5	1.406	
88.6	1.406	
88.7	1.400	
88.8	1.406	
88.9	1.409	
89.0	1.406	
89.1	1.406	
89.2	1.388	
89.3	1.406	
89.4	1.403	
89.5	1.409	
89.6	1.409	
89.7	1.400	
89.8	1.406	
89.9	1.400	
90.0	1.406	
90.1	1.406	
90.2	1.406	
90.3	1.406	
90.4	1.406	
90.5	1.403	
90.6	1.406	
90.7	1.412	
90.8	1.406	
90.9	1.409	
91.0	1.406	
91.1	1.406	
91.2	1.406	
91.3	1.409	
91.4	1.406	
91.5	1.409	
91.6	1.412	
91.7	1.409	
91.8	1.406	
91.9	1.406	
92.0	1.409	
92.1	1.406	
92.2	1.412	
92.3	1.406	
92.4	1.394	
92.5	1.406	
92.6	1.391	
92.7	1.406	
92.8	1.400	
92.9	1.400	
93.0	1.409	
93.1	1.409	
93.2	1.409	
93.3	1.406	
93.4	1.409	
93.5	1.406	
93.6	1.412	
93.7	1.391	
93.8	1.406	
93.9	1.412	
94.0	1.409	
94.1	1.409	
94.2	1.400	
94.3	1.409	
94.4	1.406	
94.5	1.409	
94.6	1.406	
94.7	1.409	
94.8	1.412	
94.9	1.406	
95.0	1.409	
95.1	1.403	
95.2	1.409	
95.3	1.409	
95.4	1.412	
95.5	1.406	
95.6	1.412	
95.7	1.409	
95.8	1.409	
95.9	1.412	
96.0	1.409	
96.1	1.412	
96.2	1.409	
96.3	1.409	
96.4	1.409	
96.5	1.409	
96.6	1.412	
96.7	1.412	
96.8	1.406	
96.9	1.412	
97.0	1.412	
97.1	1.412	
97.2	1.412	
97.3	1.409	
97.4	1.412	
97.5	1.412	
97.6	1.412	
97.7	1.412	
97.8	1.403	
97.9	1.412	
98.0	1.412	
98.1	1.409	
98.2	1.406	
98.3	1.400	
98.4	1.409	
98.5	1.412	
98.6	1.412	
98.7	1.412	
98.8	1.412	
98.9	1.388	
99.0	1.412	
99.1	1.412	
99.2	1.412	
99.3	1.412	
99.4	1.412	
99.5	1.412	
99.6	1.409	
99.7	1.412	
99.8	1.412	
99.9	1.412	
100.0	1.412	
		
